[-0.0, inf, inf, 2.0310376508266565, inf, 2.5508980362466143, inf, inf]


[inf, -0.0, inf, inf, 0.9029796032444519, 2.5508980362466143, 2.5508980362466143, 2.5508980362466143]


[inf, inf, -0.0, 2.5508980362466143, 2.0310376508266565, 1.3438196019210409, 1.7269388197455344, inf]


[2.0310376508266565, inf, 2.5508980362466143, -0.0, inf, 2.0310376508266565, inf, inf]


[inf, 0.9029796032444519, 2.0310376508266565, inf, -0.0, inf, inf, inf]


[2.5508980362466143, 2.5508980362466143, 1.3438196019210409, 2.0310376508266565, inf, -0.0, 1.7269388197455344, inf]


[inf, 2.5508980362466143, 1.7269388197455344, inf, inf, 1.7269388197455344, -0.0, inf]


[inf, 2.5508980362466143, inf, inf, inf, inf, inf, -0.0]


