[-0.0, inf, inf, 2.0310376508266565, inf, 1.5111772654066988, 2.0310376508266565, inf]


[inf, -0.0, inf, 1.5111772654066988, inf, 1.2070784343255752, 2.0310376508266565, inf]


[inf, inf, -0.0, inf, inf, inf, inf, 1.2070784343255752]


[2.0310376508266565, 1.5111772654066988, inf, -0.0, inf, 1.5111772654066988, 0.8239592165010822, inf]


[inf, inf, inf, inf, -0.0, 1.5111772654066988, inf, inf]


[1.5111772654066988, 1.2070784343255752, inf, 1.5111772654066988, 1.5111772654066988, -0.0, inf, inf]


[2.0310376508266565, 2.0310376508266565, inf, 0.8239592165010822, inf, inf, -0.0, inf]


[inf, inf, 1.2070784343255752, inf, inf, inf, inf, -0.0]


